
ZAI = [
942390
641550
641570
611470
531290
531330
531310
531350
360850
430990
541330
380900
420990
922330
922350
892250
892260
892270
922380
942400
942410
942420
952410
952440
952450
471110
551370
551410
551440
541350
621490
621510
390910
441030
441060
521290
521320
561400
601470
410950
400950
380890
666
0
];

NAMES = [
'Pu239           '
'Gd155           '
'Gd157           '
'Pm147           '
'I129            '
'I133            '
'I131            '
'I135            '
'Kr85            '
'Tc99            '
'Xe133           '
'Sr90            '
'Mo99            '
'U233            '
'U235            '
'Ac225           '
'Ac226           '
'Ac227           '
'U238            '
'Pu240           '
'Pu241           '
'Pu242           '
'Am241           '
'Am244           '
'Am245           '
'Ag111           '
'Cs137           '
'Cs141           '
'Cs144           '
'Xe135           '
'Sm149           '
'Sm151           '
'Y91             '
'Ru103           '
'Ru106           '
'Te129           '
'Te132           '
'Ba140           '
'Nd147           '
'Nb95            '
'Zr95            '
'Sr89            '
'lost            '
'total           '
];

i942390 = 1; iPu239            = 1;
i641550 = 2; iGd155            = 2;
i641570 = 3; iGd157            = 3;
i611470 = 4; iPm147            = 4;
i531290 = 5; iI129             = 5;
i531330 = 6; iI133             = 6;
i531310 = 7; iI131             = 7;
i531350 = 8; iI135             = 8;
i360850 = 9; iKr85             = 9;
i430990 = 10; iTc99             = 10;
i541330 = 11; iXe133            = 11;
i380900 = 12; iSr90             = 12;
i420990 = 13; iMo99             = 13;
i922330 = 14; iU233             = 14;
i922350 = 15; iU235             = 15;
i892250 = 16; iAc225            = 16;
i892260 = 17; iAc226            = 17;
i892270 = 18; iAc227            = 18;
i922380 = 19; iU238             = 19;
i942400 = 20; iPu240            = 20;
i942410 = 21; iPu241            = 21;
i942420 = 22; iPu242            = 22;
i952410 = 23; iAm241            = 23;
i952440 = 24; iAm244            = 24;
i952450 = 25; iAm245            = 25;
i471110 = 26; iAg111            = 26;
i551370 = 27; iCs137            = 27;
i551410 = 28; iCs141            = 28;
i551440 = 29; iCs144            = 29;
i541350 = 30; iXe135            = 30;
i621490 = 31; iSm149            = 31;
i621510 = 32; iSm151            = 32;
i390910 = 33; iY91              = 33;
i441030 = 34; iRu103            = 34;
i441060 = 35; iRu106            = 35;
i521290 = 36; iTe129            = 36;
i521320 = 37; iTe132            = 37;
i561400 = 38; iBa140            = 38;
i601470 = 39; iNd147            = 39;
i410950 = 40; iNb95             = 40;
i400950 = 41; iZr95             = 41;
i380890 = 42; iSr89             = 42;
iLOST    = 43;
iTOT     = 44;

MAT_fuel_salt_VOLUME = [ 1.79031E+05 ];

MAT_fuel_salt_BURNUP = [ 0.00000E+00 ];

MAT_fuel_salt_ADENS = [
0.00000E+00 % Pu239
0.00000E+00 % Gd155
0.00000E+00 % Gd157
0.00000E+00 % Pm147
0.00000E+00 % I129
0.00000E+00 % I133
0.00000E+00 % I131
0.00000E+00 % I135
0.00000E+00 % Kr85
0.00000E+00 % Tc99
0.00000E+00 % Xe133
0.00000E+00 % Sr90
0.00000E+00 % Mo99
0.00000E+00 % U233
4.55708E-05 % U235
0.00000E+00 % Ac225
0.00000E+00 % Ac226
0.00000E+00 % Ac227
2.30616E-04 % U238
0.00000E+00 % Pu240
0.00000E+00 % Pu241
0.00000E+00 % Pu242
0.00000E+00 % Am241
0.00000E+00 % Am244
0.00000E+00 % Am245
0.00000E+00 % Ag111
0.00000E+00 % Cs137
0.00000E+00 % Cs141
0.00000E+00 % Cs144
0.00000E+00 % Xe135
0.00000E+00 % Sm149
0.00000E+00 % Sm151
0.00000E+00 % Y91
0.00000E+00 % Ru103
0.00000E+00 % Ru106
0.00000E+00 % Te129
0.00000E+00 % Te132
0.00000E+00 % Ba140
0.00000E+00 % Nd147
0.00000E+00 % Nb95
0.00000E+00 % Zr95
0.00000E+00 % Sr89
0.00000E+00 % lost data
7.57365E-02 % total
];

MAT_fuel_salt_MDENS = [
0.00000E+00 % Pu239
0.00000E+00 % Gd155
0.00000E+00 % Gd157
0.00000E+00 % Pm147
0.00000E+00 % I129
0.00000E+00 % I133
0.00000E+00 % I131
0.00000E+00 % I135
0.00000E+00 % Kr85
0.00000E+00 % Tc99
0.00000E+00 % Xe133
0.00000E+00 % Sr90
0.00000E+00 % Mo99
0.00000E+00 % U233
1.77865E-02 % U235
0.00000E+00 % Ac225
0.00000E+00 % Ac226
0.00000E+00 % Ac227
9.11622E-02 % U238
0.00000E+00 % Pu240
0.00000E+00 % Pu241
0.00000E+00 % Pu242
0.00000E+00 % Am241
0.00000E+00 % Am244
0.00000E+00 % Am245
0.00000E+00 % Ag111
0.00000E+00 % Cs137
0.00000E+00 % Cs141
0.00000E+00 % Cs144
0.00000E+00 % Xe135
0.00000E+00 % Sm149
0.00000E+00 % Sm151
0.00000E+00 % Y91
0.00000E+00 % Ru103
0.00000E+00 % Ru106
0.00000E+00 % Te129
0.00000E+00 % Te132
0.00000E+00 % Ba140
0.00000E+00 % Nd147
0.00000E+00 % Nb95
0.00000E+00 % Zr95
0.00000E+00 % Sr89
0.00000E+00 % lost data
2.12860E+00 % total
];

MAT_fuel_salt_A = [
0.00000E+00 % Pu239
0.00000E+00 % Gd155
0.00000E+00 % Gd157
0.00000E+00 % Pm147
0.00000E+00 % I129
0.00000E+00 % I133
0.00000E+00 % I131
0.00000E+00 % I135
0.00000E+00 % Kr85
0.00000E+00 % Tc99
0.00000E+00 % Xe133
0.00000E+00 % Sr90
0.00000E+00 % Mo99
0.00000E+00 % U233
2.54545E+08 % U235
0.00000E+00 % Ac225
0.00000E+00 % Ac226
0.00000E+00 % Ac227
2.02968E+08 % U238
0.00000E+00 % Pu240
0.00000E+00 % Pu241
0.00000E+00 % Pu242
0.00000E+00 % Am241
0.00000E+00 % Am244
0.00000E+00 % Am245
0.00000E+00 % Ag111
0.00000E+00 % Cs137
0.00000E+00 % Cs141
0.00000E+00 % Cs144
0.00000E+00 % Xe135
0.00000E+00 % Sm149
0.00000E+00 % Sm151
0.00000E+00 % Y91
0.00000E+00 % Ru103
0.00000E+00 % Ru106
0.00000E+00 % Te129
0.00000E+00 % Te132
0.00000E+00 % Ba140
0.00000E+00 % Nd147
0.00000E+00 % Nb95
0.00000E+00 % Zr95
0.00000E+00 % Sr89
0.00000E+00 % lost data
4.57513E+08 % total
];

MAT_fuel_salt_H = [
0.00000E+00 % Pu239
0.00000E+00 % Gd155
0.00000E+00 % Gd157
0.00000E+00 % Pm147
0.00000E+00 % I129
0.00000E+00 % I133
0.00000E+00 % I131
0.00000E+00 % I135
0.00000E+00 % Kr85
0.00000E+00 % Tc99
0.00000E+00 % Xe133
0.00000E+00 % Sr90
0.00000E+00 % Mo99
0.00000E+00 % U233
1.88115E-04 % U235
0.00000E+00 % Ac225
0.00000E+00 % Ac226
0.00000E+00 % Ac227
1.39028E-04 % U238
0.00000E+00 % Pu240
0.00000E+00 % Pu241
0.00000E+00 % Pu242
0.00000E+00 % Am241
0.00000E+00 % Am244
0.00000E+00 % Am245
0.00000E+00 % Ag111
0.00000E+00 % Cs137
0.00000E+00 % Cs141
0.00000E+00 % Cs144
0.00000E+00 % Xe135
0.00000E+00 % Sm149
0.00000E+00 % Sm151
0.00000E+00 % Y91
0.00000E+00 % Ru103
0.00000E+00 % Ru106
0.00000E+00 % Te129
0.00000E+00 % Te132
0.00000E+00 % Ba140
0.00000E+00 % Nd147
0.00000E+00 % Nb95
0.00000E+00 % Zr95
0.00000E+00 % Sr89
0.00000E+00 % lost data
3.27143E-04 % total
];

MAT_fuel_salt_SF = [
0.00000E+00 % Pu239
0.00000E+00 % Gd155
0.00000E+00 % Gd157
0.00000E+00 % Pm147
0.00000E+00 % I129
0.00000E+00 % I133
0.00000E+00 % I131
0.00000E+00 % I135
0.00000E+00 % Kr85
0.00000E+00 % Tc99
0.00000E+00 % Xe133
0.00000E+00 % Sr90
0.00000E+00 % Mo99
0.00000E+00 % U233
1.83272E-02 % U235
0.00000E+00 % Ac225
0.00000E+00 % Ac226
0.00000E+00 % Ac227
1.10820E+04 % U238
0.00000E+00 % Pu240
0.00000E+00 % Pu241
0.00000E+00 % Pu242
0.00000E+00 % Am241
0.00000E+00 % Am244
0.00000E+00 % Am245
0.00000E+00 % Ag111
0.00000E+00 % Cs137
0.00000E+00 % Cs141
0.00000E+00 % Cs144
0.00000E+00 % Xe135
0.00000E+00 % Sm149
0.00000E+00 % Sm151
0.00000E+00 % Y91
0.00000E+00 % Ru103
0.00000E+00 % Ru106
0.00000E+00 % Te129
0.00000E+00 % Te132
0.00000E+00 % Ba140
0.00000E+00 % Nd147
0.00000E+00 % Nb95
0.00000E+00 % Zr95
0.00000E+00 % Sr89
0.00000E+00 % lost data
1.10820E+04 % total
];

